; 
; Non-perturbative corrections for the
; ATLAS dijet cross sections at sqrts= 13 TeV R=0.4 rapidity bin 1.0<Ystar<1.5
; default based on the  Pythia8AU2CT10_PYHW tune
; Uncertainty based on pythia8 tunes: 4C MONASH ATLASA14NNPDF ATLASA14MRSTWLO ATLASA14CTEQL1 
; and Herwigpp: default, UEEE5CTEQ6L1_EIGEN UEEE5MRSTSTAR_EIGEN CTEQEE4_EIGEN 
;
; mean: middle of pt bin
; xmin and xmax: minimum and maximum of bin
: npc: Non-perturbative correction
; npc_up and npc_down: uncertainties calculated with different times
; Uncertainties are given in absolute values
;
; mean xmin xmax npc npc_up npc_down
475 440 510 0.885387 0.146999 0
550 510 590 0.927634 0.100909 0
630 590 670 0.953849 0.0714447 0.0177227
715 670 760 0.97069 0.0522342 0.0295577
805 760 850 0.981835 0.0394313 0.0364358
900 850 950 0.989402 0.0303799 0.0403297
1005 950 1060 0.99487 0.0235133 0.0424616
1120 1060 1180 0.99881 0.018265 0.0433898
1245 1180 1310 1.00165 0.014204 0.0435231
1380 1310 1450 1.00371 0.0112996 0.0432039
1525 1450 1600 1.0052 0.00912853 0.0425831
1680 1600 1760 1.0063 0.00739511 0.0417742
1850 1760 1940 1.00713 0.00594707 0.040839
2030 1940 2120 1.00775 0.00475579 0.0398659
2225 2120 2330 1.00821 0.00373244 0.0388696
2440 2330 2550 1.00858 0.00282467 0.0378577
2665 2550 2780 1.00884 0.0020473 0.0368976
2910 2780 3040 1.00905 0.00134317 0.0359592
3175 3040 3310 1.00921 0.00070228 0.0350559
3460 3310 3610 1.00934 0.000115721 0.0341961
3770 3610 3930 1.00943 0 0.033372
4100 3930 4270 1.00951 0 0.0326011
4455 4270 4640 1.00957 0 0.0318732
4840 4640 5040 1.00961 0 0.0311815
5255 5040 5470 1.00965 0 0.0305292
5705 5470 5940 1.00968 0 0.0299111
6190 5940 6440 1.0097 0 0.0293294
6720 6440 7000 1.00972 0 0.0287751
7315 7000 7630 1.00973 0 0.0282345
7973.5 7630 8317 1.00974 0 0.0277168

