;
; electroweak corrections calculated by Dittmaier, Huss, Speckner 
; for ATLAS inclusive jets jets R=0.4  2.0<y<2.5
; for the ATLAS bins as in reference JHEP11(2012) 095 arXiv:1210.0438
; no uncertainty is provided
; xmin, xmax, ew-correction
100 116 0.998833
116 134 0.998647
134 152 0.998205
152 172 0.997428
172 194 0.996845
194 216 0.996204
216 240 0.995541
240 264 0.994362
264 290 0.993494
290 318 0.992431
318 346 0.991457
346 376 0.990237
376 408 0.989026
408 442 0.987624
442 478 0.986512
478 516 0.984873
516 556 0.983486
556 598 0.981947
598 642 0.980181
642 688 0.979059
688 736 0.977266
736 786 0.975592
786 838 0.973927
838 894 0.972097
894 952 0.970482
952 1012 0.968478
1012 1076 0.966287
1076 1162 0.964267


