; 
; Non-perturbative corrections for the
; ATLAS dijet cross sections at sqrts= 13 TeV R=0.4 rapidity bin 0.5<Ystar<1.0
; default based on the  Pythia8AU2CT10_PYHW tune
; Uncertainty based on pythia8 tunes: 4C MONASH ATLASA14NNPDF ATLASA14MRSTWLO ATLASA14CTEQL1 
; and Herwigpp: default, UEEE5CTEQ6L1_EIGEN UEEE5MRSTSTAR_EIGEN CTEQEE4_EIGEN 
;
; mean: middle of pt bin
; xmin and xmax: minimum and maximum of bin
: npc: Non-perturbative correction
; npc_up and npc_down: uncertainties calculated with different times
; Uncertainties are given in absolute values
;
; mean xmin xmax npc npc_up npc_down
340 310 370 1.0079 0.0263089 0.063927
405 370 440 1.00756 0.0202812 0.0604758
475 440 510 1.00719 0.0157297 0.0574093
550 510 590 1.00681 0.0127524 0.0546452
630 590 670 1.00642 0.0111006 0.0521232
715 670 760 1.006 0.00973389 0.0497986
805 760 850 1.00557 0.00860197 0.0476368
900 850 950 1.00512 0.00766652 0.0457134
1005 950 1060 1.00463 0.00686413 0.0440211
1120 1060 1180 1.0041 0.00619537 0.0423397
1245 1180 1310 1.00353 0.0056568 0.0406734
1380 1310 1450 1.00293 0.00524264 0.0390241
1525 1450 1600 1.00229 0.00494602 0.037392
1680 1600 1760 1.00162 0.00475963 0.0357761
1850 1760 1940 1.00089 0.00467528 0.0341279
2030 1940 2120 1.00012 0.00469237 0.0324983
2225 2120 2330 0.999308 0.00480707 0.0308429
2440 2330 2550 0.998419 0.00502404 0.0291267
2665 2550 2780 0.9975 0.00533058 0.027432
2910 2780 3040 0.99651 0.00573672 0.0256842
3175 3040 3310 0.995453 0.00624259 0.0238891
3460 3310 3610 0.994328 0.00687619 0.0220511
3770 3610 3930 0.993119 0.00770303 0.0201429
4100 3930 4270 0.991847 0.00861439 0.0181991
4455 4270 4640 0.990493 0.00962257 0.0161932
4840 4640 5040 0.989041 0.010741 0.0141019
5255 5040 5470 0.987493 0.0119686 0.0119308
5705 5470 5940 0.985833 0.0133194 0.00965936
6190 5940 6440 0.984063 0.0147919 0.00729331
6720 6440 7000 0.982151 0.0164152 0.00479067
7315 7000 7630 0.980027 0.0182497 0.0035054

