   1.00
  -0.54   1.00
  -0.24  -0.22   1.00
  -0.05  -0.12   0.02   1.00
  -0.01  -0.02  -0.01   0.06   1.00
  -0.13   0.08   0.02   0.01  -0.00   1.00
   0.08  -0.14   0.04   0.02   0.00  -0.54   1.00
   0.03   0.03  -0.13   0.00   0.00  -0.23  -0.23   1.00
   0.01   0.02  -0.00  -0.13  -0.00  -0.06  -0.11   0.01   1.00
   0.00   0.00   0.00  -0.01  -0.14  -0.01  -0.03  -0.01   0.07   1.00
   0.01  -0.00  -0.00  -0.00  -0.00  -0.10   0.06   0.02   0.00   0.00   1.00
   0.00   0.01  -0.00  -0.00  -0.00   0.06  -0.11   0.03   0.01   0.00  -0.53   1.00
  -0.00   0.00   0.02   0.00  -0.00   0.02   0.03  -0.10   0.01   0.00  -0.22  -0.25   1.00
   0.00  -0.00   0.00   0.02   0.00   0.01   0.01   0.00  -0.12  -0.00  -0.05  -0.13  -0.01   1.00
  -0.00   0.00  -0.00   0.00   0.02   0.00   0.00   0.00  -0.00  -0.11  -0.01  -0.03  -0.02   0.05   1.00
  -0.00   0.00  -0.00  -0.00  -0.00  -0.01   0.01   0.00   0.00  -0.00  -0.08   0.05   0.02   0.00   0.00   1.00
   0.01  -0.00   0.00  -0.00   0.00   0.01  -0.01   0.00  -0.00   0.00   0.05  -0.08   0.02   0.01   0.00  -0.55   1.00
   0.00   0.00   0.00   0.00  -0.00  -0.00   0.00  -0.00   0.00  -0.00   0.02   0.02  -0.08   0.01   0.00  -0.24  -0.25   1.00
  -0.00   0.00   0.00   0.00   0.00  -0.00   0.00   0.00   0.00   0.00   0.01   0.01  -0.00  -0.08  -0.00  -0.06  -0.13  -0.02   1.00
   0.00   0.00   0.00   0.00   0.00   0.00   0.00   0.00   0.00   0.00   0.00   0.00   0.00  -0.00  -0.08  -0.01  -0.03  -0.02   0.05   1.00
  -0.00   0.00  -0.00  -0.00  -0.00  -0.01   0.01   0.00   0.00   0.00  -0.01   0.01   0.00   0.00   0.00  -0.04   0.02   0.01   0.00   0.00   1.00
   0.00  -0.00   0.00  -0.00  -0.00   0.01  -0.01   0.00   0.00   0.00   0.01  -0.01   0.00   0.00   0.00   0.02  -0.04   0.01   0.00   0.00  -0.56   1.00
  -0.00  -0.00   0.00   0.00  -0.00   0.00   0.00  -0.01   0.00  -0.00   0.00   0.00  -0.01   0.00  -0.00   0.01   0.01  -0.04   0.01   0.00  -0.27  -0.27   1.00
   0.00   0.00  -0.00   0.01   0.00   0.00   0.00   0.00  -0.01   0.00   0.00   0.00   0.00  -0.01   0.00   0.00   0.01   0.00  -0.04   0.00  -0.06  -0.14  -0.01   1.00
  -0.00   0.00  -0.00  -0.00   0.01   0.00   0.00  -0.00   0.00  -0.01   0.00   0.00   0.00   0.00  -0.00   0.00   0.00   0.00  -0.00  -0.05  -0.01  -0.03  -0.03   0.02   1.00
  -0.00  -0.00  -0.00  -0.00  -0.00  -0.00   0.00   0.00   0.00  -0.00  -0.00   0.00   0.00   0.00   0.00  -0.00   0.00   0.00   0.00  -0.00  -0.01   0.01   0.00   0.00  -0.00   1.00
   0.00  -0.00   0.00  -0.00  -0.00   0.00  -0.00   0.00   0.00  -0.00   0.00  -0.00   0.00   0.00  -0.00   0.00  -0.00   0.00  -0.00   0.00   0.01  -0.01   0.00   0.00   0.00  -0.58   1.00
  -0.00   0.00   0.00   0.00   0.00   0.00   0.00  -0.00   0.00   0.00   0.00   0.00  -0.00   0.00  -0.00   0.00   0.00  -0.00   0.00  -0.00   0.00   0.00  -0.01   0.00   0.00  -0.35  -0.24   1.00
  -0.00  -0.00  -0.00   0.00   0.00   0.00   0.00   0.00  -0.00   0.00   0.00   0.00   0.00  -0.00   0.00   0.00  -0.00   0.00  -0.00   0.00   0.00   0.00  -0.00  -0.01   0.00  -0.09  -0.17  -0.03   1.00
  -0.00  -0.00  -0.00  -0.00   0.01  -0.00   0.00   0.00  -0.00   0.00   0.00  -0.00   0.00  -0.00  -0.00  -0.00   0.00  -0.00  -0.00  -0.00   0.00   0.00  -0.00  -0.00  -0.02   0.00  -0.05  -0.02  -0.04   1.00
  -0.03   0.34  -0.07  -0.01  -0.00   0.00  -0.05   0.01   0.00   0.00  -0.00   0.01  -0.00  -0.00   0.00  -0.00   0.00   0.00  -0.00   0.00  -0.00   0.01  -0.00  -0.00   0.00  -0.00   0.00   0.00  -0.00   0.00   1.00
  -0.01  -0.00   0.24  -0.03   0.01  -0.01   0.01  -0.03   0.00   0.00  -0.00   0.00   0.01  -0.00  -0.00  -0.00   0.00   0.00  -0.00  -0.00  -0.00   0.00   0.00  -0.00  -0.00  -0.00   0.00   0.00  -0.00  -0.00  -0.45   1.00
   0.00  -0.02  -0.01   0.48  -0.06   0.00   0.00   0.00  -0.06   0.01   0.00  -0.00   0.00   0.01  -0.00   0.00  -0.00   0.00   0.00   0.00  -0.00  -0.00   0.00   0.01  -0.00  -0.00  -0.00   0.00   0.00   0.00   0.10  -0.36   1.00
   0.00  -0.01  -0.01   0.00   0.71  -0.00   0.00   0.00   0.00  -0.11  -0.00  -0.00  -0.00   0.00   0.02  -0.00  -0.00  -0.00   0.00   0.00  -0.00  -0.00  -0.00   0.00   0.01  -0.00  -0.00   0.00   0.00   0.00   0.03  -0.09   0.06   1.00
   0.00  -0.04   0.01   0.00   0.00  -0.02   0.33  -0.09  -0.02   0.00   0.01  -0.04   0.01  -0.00   0.00   0.00  -0.01   0.00  -0.00   0.00   0.00  -0.01   0.00  -0.00   0.00  -0.00  -0.00   0.00  -0.00   0.00  -0.02   0.07  -0.01  -0.00   1.00
  -0.00   0.01  -0.03   0.00   0.00  -0.01  -0.01   0.26  -0.03  -0.01  -0.00   0.01  -0.03   0.01   0.00  -0.00   0.01  -0.00   0.00   0.00  -0.00   0.01  -0.01   0.00   0.00   0.00   0.00  -0.00  -0.00   0.00   0.06  -0.13   0.04   0.01  -0.45   1.00
   0.00   0.00   0.00  -0.06   0.00  -0.00  -0.02  -0.01   0.49  -0.01   0.00   0.00   0.01  -0.07   0.00   0.00  -0.00   0.00  -0.00   0.00   0.00   0.00   0.00  -0.01   0.00   0.00  -0.00   0.00  -0.00  -0.00  -0.01   0.05  -0.14   0.00   0.09  -0.34   1.00
   0.00   0.00   0.00  -0.00  -0.10   0.00  -0.00  -0.00  -0.02   0.69  -0.00  -0.00   0.00   0.01  -0.08   0.00  -0.00   0.00  -0.00  -0.01   0.00   0.00  -0.00   0.00  -0.01  -0.00  -0.00   0.00   0.00  -0.00  -0.00   0.01  -0.00  -0.14   0.02  -0.08   0.02   1.00
  -0.00   0.01  -0.00   0.00   0.00   0.01  -0.04   0.01  -0.00   0.00  -0.03   0.34  -0.08  -0.02  -0.00   0.01  -0.03   0.01   0.00  -0.00   0.00  -0.00   0.00  -0.00   0.00  -0.00  -0.00   0.00  -0.00   0.00   0.12  -0.01   0.00   0.00  -0.04   0.07  -0.01  -0.00   1.00
  -0.00   0.00   0.01  -0.00   0.00  -0.00   0.01  -0.03   0.01   0.00  -0.01  -0.01   0.24  -0.05  -0.01  -0.00   0.01  -0.02   0.00   0.00  -0.00   0.00  -0.00   0.00  -0.00   0.00   0.00  -0.00   0.00   0.00  -0.01   0.02  -0.01  -0.00   0.06  -0.11   0.04   0.01  -0.48   1.00
   0.00  -0.00   0.00   0.01   0.00   0.00   0.00   0.01  -0.06   0.01   0.01  -0.03  -0.01   0.51  -0.03   0.00  -0.00   0.01  -0.04   0.00   0.00  -0.00   0.01  -0.01   0.01   0.00  -0.00   0.00  -0.00   0.00   0.00  -0.01   0.03   0.00  -0.01   0.04  -0.12   0.01   0.10  -0.35   1.00
  -0.00  -0.00  -0.00   0.00   0.01  -0.00   0.00   0.00   0.00  -0.07   0.01  -0.01  -0.02  -0.01   0.66  -0.00  -0.00   0.00   0.00  -0.06   0.00   0.00   0.00   0.00  -0.01  -0.00   0.00   0.00   0.00  -0.00   0.00  -0.00   0.00   0.02  -0.00   0.01  -0.00  -0.11   0.03  -0.10   0.02   1.00
  -0.00   0.01  -0.00   0.00   0.00   0.00  -0.01   0.00  -0.00   0.00   0.01  -0.03   0.01  -0.00   0.00  -0.04   0.33  -0.08  -0.02   0.00   0.00  -0.02   0.01   0.00   0.00  -0.00  -0.00   0.00  -0.00   0.00   0.09   0.00   0.00   0.00   0.05   0.02  -0.00   0.00  -0.03   0.05  -0.01  -0.00   1.00
  -0.00   0.00   0.00  -0.00  -0.00  -0.00   0.01  -0.00   0.00   0.00  -0.00   0.01  -0.02   0.00   0.00  -0.01  -0.01   0.24  -0.03  -0.02  -0.00   0.01  -0.02   0.00   0.00   0.00   0.00  -0.00   0.00   0.00   0.00   0.01  -0.00  -0.00   0.01  -0.00   0.00   0.00   0.05  -0.08   0.03   0.01  -0.47   1.00
  -0.00   0.00   0.00   0.01   0.00   0.00  -0.00   0.00  -0.00  -0.00   0.00   0.00   0.00  -0.04   0.00   0.01  -0.02  -0.02   0.47  -0.01   0.00  -0.00   0.01  -0.03   0.00   0.00  -0.00   0.00  -0.00   0.00   0.00  -0.00   0.01   0.00   0.00  -0.00  -0.00   0.00  -0.01   0.03  -0.08  -0.00   0.10  -0.37   1.00
   0.00   0.00   0.00   0.00   0.00   0.00  -0.00   0.00   0.00  -0.00  -0.00   0.00   0.00   0.00  -0.06   0.00  -0.01  -0.01  -0.03   0.70   0.00   0.00  -0.00   0.01  -0.04  -0.00   0.00  -0.00   0.00  -0.00   0.00  -0.00   0.00   0.00   0.00   0.00  -0.00  -0.00  -0.00   0.01   0.00  -0.09   0.03  -0.11   0.04   1.00
  -0.00   0.00  -0.00   0.00   0.00   0.00  -0.01   0.00  -0.00   0.00   0.00  -0.00   0.00  -0.00   0.00   0.01  -0.02   0.00   0.00   0.00  -0.03   0.31  -0.09  -0.03  -0.01   0.00  -0.00   0.00  -0.00   0.00   0.09   0.00   0.00  -0.00   0.04   0.02  -0.00   0.00   0.05   0.01   0.00   0.00  -0.00   0.03  -0.00  -0.00   1.00
  -0.00   0.00   0.00  -0.00   0.00  -0.00   0.01  -0.01   0.00   0.00  -0.00   0.00  -0.01   0.00   0.00  -0.00   0.01  -0.02   0.00  -0.00  -0.01  -0.01   0.23  -0.05  -0.01   0.00   0.00  -0.00   0.00   0.00   0.00   0.01  -0.00   0.00   0.02  -0.01   0.00   0.00   0.01  -0.00   0.00   0.00   0.03  -0.04   0.02   0.00  -0.48   1.00
   0.00  -0.00   0.00   0.00   0.00   0.00  -0.00   0.00  -0.01   0.00   0.00  -0.00   0.00  -0.01   0.00   0.00   0.00   0.01  -0.03   0.01  -0.00  -0.03  -0.02   0.49  -0.09   0.00  -0.00   0.00  -0.01   0.00   0.00  -0.00   0.01   0.00  -0.00   0.00  -0.01   0.01   0.00   0.00  -0.01   0.00  -0.00   0.02  -0.05   0.01   0.09  -0.36   1.00
   0.00   0.00  -0.00  -0.00   0.00   0.00  -0.00   0.00   0.00  -0.01  -0.00   0.00   0.00   0.00  -0.01   0.00   0.00   0.00   0.00  -0.04   0.00  -0.01  -0.01  -0.03   0.72  -0.00   0.00  -0.00   0.00  -0.01   0.00  -0.00   0.00   0.01   0.00   0.00   0.00  -0.02   0.00  -0.00   0.01  -0.01  -0.00   0.01   0.00  -0.06   0.02  -0.09  -0.04   1.00
  -0.00   0.00  -0.00  -0.00  -0.00   0.00  -0.00   0.00  -0.00   0.00   0.00  -0.00  -0.00  -0.00   0.00   0.00  -0.00  -0.00  -0.00  -0.00   0.00  -0.00   0.00  -0.00   0.00  -0.07   0.28  -0.10  -0.05  -0.02   0.03   0.00  -0.00   0.00   0.01   0.00   0.00  -0.00   0.01   0.00  -0.00   0.00   0.01   0.00  -0.00  -0.00   0.01   0.01  -0.00   0.00   1.00
  -0.00   0.00   0.00  -0.00   0.00  -0.00   0.00  -0.00   0.00  -0.00  -0.00   0.00  -0.00   0.00  -0.00  -0.00   0.00  -0.00   0.00  -0.00   0.00   0.00  -0.00   0.00   0.00  -0.01   0.00   0.19  -0.04  -0.04   0.00   0.00   0.00   0.00   0.00  -0.00  -0.00   0.01   0.00  -0.00   0.00  -0.00   0.00  -0.00   0.00   0.00   0.01  -0.01   0.01   0.00  -0.43   1.00
   0.00  -0.00  -0.00   0.00  -0.00   0.00  -0.00   0.00  -0.00   0.00   0.00  -0.00   0.00  -0.01   0.00   0.00  -0.00   0.00  -0.00   0.00   0.00   0.00   0.00  -0.01   0.00  -0.00  -0.04  -0.02   0.43  -0.04  -0.00  -0.00   0.01  -0.00  -0.00   0.00  -0.01   0.01  -0.00   0.00  -0.01   0.00  -0.00   0.00  -0.01   0.01   0.00   0.00  -0.01   0.01   0.05  -0.38   1.00
  -0.00  -0.00  -0.00   0.00   0.00  -0.00   0.00   0.00   0.00  -0.00   0.00   0.00  -0.00  -0.00  -0.00   0.00  -0.00  -0.00   0.00   0.01   0.00   0.00   0.00   0.00  -0.02   0.03  -0.02  -0.03  -0.08   0.65  -0.00  -0.00   0.00   0.01   0.00  -0.00   0.00  -0.00   0.00  -0.00   0.00   0.00  -0.00  -0.00   0.00   0.01   0.00   0.00  -0.01   0.02   0.01  -0.10  -0.14   1.00
   0.04   0.10   0.09  -0.06   0.01   0.00  -0.02  -0.03   0.01  -0.00   0.01  -0.00  -0.02   0.00   0.00   0.01  -0.01  -0.01   0.00  -0.00   0.01  -0.01  -0.01   0.01  -0.00   0.00  -0.00  -0.01   0.00   0.00   0.12   0.05  -0.05   0.02  -0.02  -0.02   0.01  -0.00   0.00  -0.01   0.01   0.00  -0.00  -0.01   0.01   0.00  -0.00  -0.01   0.01  -0.00   0.00  -0.00   0.00  -0.00   1.00
   0.01   0.01   0.12   0.18  -0.04  -0.00   0.00  -0.02  -0.03   0.01   0.00   0.00   0.00  -0.01   0.00   0.00   0.00  -0.00  -0.01   0.00   0.00   0.00  -0.00  -0.01   0.00   0.00  -0.00   0.00  -0.00   0.00  -0.08   0.15   0.11  -0.05   0.01  -0.02  -0.03   0.01  -0.00   0.00  -0.01  -0.00   0.00  -0.00  -0.01   0.00   0.00   0.00  -0.01   0.00   0.00   0.00  -0.01   0.00  -0.37   1.00
   0.00   0.00   0.01   0.12   0.18  -0.00  -0.00   0.00  -0.02  -0.05   0.00   0.00   0.00  -0.00  -0.01   0.00  -0.00   0.00  -0.00  -0.01   0.00  -0.00   0.00  -0.01  -0.01   0.00   0.00  -0.00  -0.00  -0.00   0.02  -0.05   0.21   0.15  -0.00   0.01  -0.03  -0.03   0.00  -0.00   0.00  -0.00  -0.00   0.00  -0.01  -0.01   0.00  -0.00  -0.01  -0.01   0.00  -0.00   0.00   0.00   0.09  -0.27   1.00
   0.00  -0.02  -0.03   0.01  -0.00   0.05   0.09   0.09  -0.06   0.02   0.00  -0.02  -0.02   0.01  -0.00   0.01  -0.00  -0.00   0.00   0.00   0.01  -0.00  -0.01   0.00  -0.00   0.00  -0.00  -0.00   0.00   0.00  -0.02  -0.02   0.01  -0.00   0.12   0.04  -0.04   0.01  -0.01  -0.01   0.01  -0.00   0.00  -0.00   0.00   0.00   0.00  -0.00   0.01  -0.00   0.00  -0.00   0.00  -0.00   0.01   0.01  -0.00   1.00
  -0.00   0.00  -0.02  -0.04   0.02   0.02   0.00   0.12   0.16  -0.07  -0.00   0.00  -0.01  -0.03   0.01   0.00   0.00  -0.00  -0.00  -0.00   0.00   0.00  -0.00  -0.01   0.00   0.00  -0.00   0.00  -0.00   0.00   0.01  -0.02  -0.03   0.01  -0.08   0.16   0.07  -0.04   0.01  -0.02  -0.02   0.01  -0.00   0.00  -0.01  -0.00  -0.00   0.00  -0.01   0.00  -0.00   0.00  -0.00   0.00   0.02  -0.08   0.02  -0.35   1.00
   0.00  -0.00   0.00  -0.02  -0.06   0.01   0.01  -0.01   0.16   0.22  -0.00  -0.00   0.00  -0.02  -0.03   0.00  -0.00   0.00  -0.00  -0.00   0.00   0.00   0.00  -0.00  -0.01   0.00   0.00  -0.00  -0.00  -0.00  -0.00   0.01  -0.03  -0.04   0.02  -0.05   0.22   0.13  -0.00   0.01  -0.03  -0.02   0.00   0.00  -0.00  -0.00   0.00   0.00  -0.00  -0.00   0.00  -0.00   0.00   0.00  -0.00   0.02  -0.11   0.08  -0.25   1.00
   0.01  -0.00  -0.01   0.00  -0.00   0.00  -0.02  -0.01   0.01  -0.00   0.05   0.11   0.06  -0.07   0.02   0.00  -0.01  -0.01   0.01  -0.00   0.01  -0.00  -0.00   0.00  -0.00   0.00  -0.00  -0.00   0.00   0.00  -0.00  -0.01   0.01   0.00  -0.01  -0.01   0.01  -0.00   0.14   0.02  -0.05   0.03  -0.01  -0.00   0.01  -0.00   0.00  -0.00   0.01  -0.00   0.00  -0.00   0.00  -0.00   0.14  -0.03   0.01   0.02   0.01  -0.00   1.00
   0.00   0.00   0.00  -0.01   0.01  -0.00   0.00  -0.01  -0.02   0.01   0.03  -0.00   0.12   0.15  -0.07  -0.00   0.00  -0.01  -0.02   0.01   0.00   0.00  -0.00  -0.01   0.00   0.00  -0.00   0.00  -0.00   0.00   0.00   0.00  -0.01   0.00   0.01  -0.02  -0.02   0.01  -0.08   0.16   0.11  -0.08   0.01  -0.01  -0.01   0.01  -0.00   0.00  -0.01   0.00  -0.00   0.00  -0.01   0.00  -0.04   0.07  -0.02   0.01  -0.05   0.02  -0.37   1.00
   0.00   0.00   0.00   0.00  -0.02  -0.00  -0.00   0.00  -0.01  -0.02   0.01   0.01  -0.00   0.12   0.23  -0.00  -0.00   0.00  -0.01  -0.03   0.00   0.00   0.00  -0.00  -0.01   0.00   0.00  -0.00   0.00  -0.00   0.00  -0.00   0.00  -0.02  -0.00   0.01  -0.03  -0.02   0.02  -0.07   0.23   0.20  -0.00   0.01  -0.02  -0.02   0.00   0.00  -0.00  -0.00   0.00  -0.00   0.00   0.00   0.01  -0.02   0.05  -0.00   0.02  -0.08   0.10  -0.29   1.00
   0.01  -0.01  -0.01   0.00  -0.00   0.00  -0.00  -0.00   0.00   0.00   0.00  -0.01  -0.01   0.01  -0.00   0.07   0.07   0.07  -0.06   0.02   0.00  -0.01  -0.01   0.01  -0.00   0.00  -0.00  -0.00   0.00   0.00  -0.00  -0.01   0.01   0.00   0.00  -0.00   0.00  -0.00  -0.01  -0.01   0.01  -0.00   0.12   0.03  -0.04   0.02  -0.00  -0.00   0.01  -0.00   0.00  -0.00   0.00  -0.00   0.12  -0.03   0.01   0.11  -0.03   0.01   0.03   0.00  -0.00   1.00
  -0.00   0.00  -0.00  -0.01   0.01   0.00   0.00  -0.00  -0.01   0.00  -0.00   0.00  -0.01  -0.02   0.01   0.03   0.02   0.11   0.16  -0.08   0.00   0.00  -0.01  -0.02   0.01   0.00  -0.00   0.00  -0.00   0.00   0.00   0.00  -0.01   0.00   0.00   0.00  -0.01   0.00   0.01  -0.01  -0.02   0.01  -0.07   0.16   0.08  -0.07   0.00  -0.01  -0.02   0.01   0.00   0.00  -0.00   0.00  -0.03   0.06  -0.01  -0.03   0.06  -0.01   0.01  -0.02   0.01  -0.36   1.00
   0.00   0.00   0.00   0.00  -0.02   0.00   0.00   0.00   0.00  -0.01   0.00  -0.00   0.00  -0.01  -0.03   0.00   0.01   0.00   0.15   0.23   0.00  -0.00   0.00  -0.01  -0.03   0.00   0.00  -0.00  -0.00  -0.00   0.00   0.00  -0.00  -0.01   0.00   0.00  -0.00  -0.01  -0.00   0.01  -0.02  -0.02   0.02  -0.08   0.28   0.18   0.00   0.00  -0.01  -0.02   0.00  -0.00  -0.00   0.00   0.01  -0.01   0.03   0.01  -0.01   0.04  -0.00   0.01  -0.05   0.08  -0.27   1.00
   0.01  -0.01  -0.02   0.00  -0.00   0.00  -0.01  -0.00   0.00  -0.00   0.00  -0.00  -0.01   0.00  -0.00   0.00  -0.01  -0.01   0.00  -0.00   0.05   0.08   0.07  -0.06   0.02   0.00  -0.00  -0.00   0.00   0.00  -0.00  -0.01   0.01   0.00   0.00  -0.00   0.00  -0.00   0.00  -0.00   0.00   0.00  -0.00  -0.00   0.01  -0.00   0.12   0.03  -0.05   0.01   0.00  -0.00   0.00  -0.00   0.12  -0.03   0.00   0.10  -0.02   0.00   0.10  -0.02   0.00   0.05  -0.01   0.00   1.00
  -0.00   0.00  -0.00  -0.02   0.00   0.00   0.00  -0.00  -0.01   0.00   0.00   0.00  -0.00  -0.01   0.00  -0.00   0.00  -0.01  -0.01   0.00   0.04   0.02   0.08   0.13  -0.07   0.00  -0.00  -0.00  -0.00   0.00   0.00  -0.00  -0.02   0.00   0.00  -0.00  -0.01   0.00  -0.00   0.00  -0.01  -0.00   0.00  -0.01  -0.01   0.00  -0.08   0.15   0.10  -0.05   0.00  -0.00  -0.01   0.00  -0.03   0.06  -0.01  -0.02   0.06  -0.01  -0.03   0.07  -0.01  -0.00   0.03  -0.00  -0.36   1.00
   0.00   0.00   0.00  -0.00  -0.02   0.00   0.00   0.00  -0.00  -0.03   0.00   0.00   0.00  -0.00  -0.02  -0.00   0.00   0.00  -0.01  -0.04   0.01  -0.01   0.01   0.13   0.13   0.00   0.00  -0.00  -0.00  -0.01  -0.00   0.00  -0.00  -0.02   0.00   0.00  -0.00  -0.03   0.00   0.00  -0.00  -0.01  -0.00   0.00  -0.01  -0.04   0.01  -0.05   0.18   0.11  -0.00   0.00  -0.01  -0.01   0.01  -0.01   0.03   0.01  -0.01   0.03   0.01  -0.01   0.03   0.00  -0.00   0.01   0.09  -0.29   1.00
   0.00  -0.00  -0.00   0.00  -0.00   0.00  -0.00  -0.00   0.00   0.00   0.00  -0.00  -0.00   0.00   0.00   0.00  -0.00  -0.00   0.00   0.00   0.00  -0.00  -0.00   0.00  -0.00   0.07   0.07   0.07  -0.10   0.01  -0.00  -0.00   0.00  -0.00   0.00  -0.00   0.00   0.00   0.00  -0.00   0.00   0.00   0.00   0.00   0.00   0.00  -0.00  -0.00   0.00   0.00   0.09   0.03  -0.05   0.00   0.03  -0.01   0.00   0.03  -0.01   0.00   0.03  -0.01   0.00   0.03  -0.01   0.00   0.02  -0.00   0.00   1.00
   0.00   0.00  -0.00  -0.00   0.00   0.00   0.00  -0.00  -0.00   0.00   0.00   0.00  -0.00  -0.00   0.00   0.00   0.00  -0.00  -0.00  -0.00   0.00   0.00  -0.00  -0.01   0.00   0.04   0.02   0.06   0.13  -0.09  -0.00   0.00  -0.00   0.00   0.00  -0.00  -0.00   0.00   0.00   0.00  -0.00  -0.00   0.00  -0.00  -0.00  -0.00   0.00  -0.00  -0.00   0.00  -0.11   0.21   0.03  -0.06  -0.01   0.02  -0.00  -0.01   0.02  -0.00  -0.01   0.02  -0.00  -0.01   0.02  -0.00  -0.00   0.02  -0.00  -0.42   1.00
  -0.00   0.00  -0.00  -0.00   0.02   0.00  -0.00  -0.00   0.00  -0.02   0.00   0.00   0.00   0.00  -0.02  -0.00   0.00  -0.00   0.01  -0.03   0.00  -0.00   0.00   0.00  -0.05   0.05  -0.03  -0.00   0.13   0.17   0.00   0.00  -0.00   0.02   0.00   0.00  -0.00  -0.03   0.00  -0.00   0.00  -0.01   0.00  -0.00   0.01  -0.04   0.00   0.00   0.00  -0.06   0.00  -0.08   0.22   0.14  -0.00   0.01  -0.04  -0.00   0.01  -0.02  -0.00   0.01  -0.03   0.00  -0.00   0.03   0.01  -0.01   0.09   0.07  -0.26   1.00
