;
; Non-perturbative corrections for the
; ATLAS inclusive jet cross sections at sqrts= 13 TeV R=0.4 rapidity bin 1.5<|Y|<2.0
; default based on the  Pythia8AU2CT10_PYHW tune
; Uncertainty based on pythia8 tunes: 4C MONASH ATLASA14NNPDF ATLASA14MRSTWLO ATLASA14CTEQL1 
; and Herwigpp: default, UEEE5CTEQ6L1_EIGEN UEEE5MRSTSTAR_EIGEN CTEQEE4_EIGEN 
;
; mean: middle of pt bin
; xmin and xmax: minimum and maximum of bin
: npc: Non-perturbative correction
; npc_up and npc_down: uncertainties calculated with different times
; Uncertainties are given in absolute values
;
; mean xmin xmax npc npc_up npc_down
108 100 116 1.02091 0 0.0993251
125 116 134 1.01692 0 0.0911206
143 134 152 1.01399 0 0.0844927
162 152 172 1.01179 0 0.0790048
183 172 194 1.01003 0 0.0741606
205 194 216 1.00867 0 0.0700438
228 216 240 1.0076 0 0.0664876
252 240 264 1.00676 0 0.0633739
277 264 290 1.00607 0 0.0606162
304 290 318 1.00549 0 0.0580621
332 318 346 1.00502 0 0.055773
361 346 376 1.00462 0 0.0537044
392 376 408 1.00429 0 0.051763
425 408 442 1.004 0 0.0499414
460 442 478 1.00375 0 0.0482318
497 478 516 1.00353 0 0.0466264
536 516 556 1.00334 0 0.0451173
577 556 598 1.00318 0 0.0436973
620 598 642 1.00304 0 0.0423594
665 642 688 1.00292 0 0.0410973
712 688 736 1.00282 0 0.0399051
761 736 786 1.00273 0 0.0387773
812 786 838 1.00264 0 0.0377091
866 838 894 1.00257 0 0.0366778
923 894 952 1.00251 0 0.0356839
982 952 1012 1.00245 0 0.0347426
1044 1012 1076 1.0024 0 0.0338356
1119 1076 1162 1.00235 0 0.0328888
1236 1162 1310 1.00228 0 0.0316774
1420 1310 1530 1.00221 0 0.0300567
1761 1530 1992 1.00212 0 0.0276908

