;
; Non-perturbative corrections for the
; ATLAS inclusive jet cross sections at sqrts= 13 TeV R=0.4 rapidity bin 0.5<|Y|<1.0
; default based on the  Pythia8AU2CT10_PYHW tune
; Uncertainty based on pythia8 tunes: 4C MONASH ATLASA14NNPDF ATLASA14MRSTWLO ATLASA14CTEQL1 
; and Herwigpp: default, UEEE5CTEQ6L1_EIGEN UEEE5MRSTSTAR_EIGEN CTEQEE4_EIGEN 
;
; mean: middle of pt bin
; xmin and xmax: minimum and maximum of bin
: npc: Non-perturbative correction
; npc_up and npc_down: uncertainties calculated with different times
; Uncertainties are given in absolute values
;
; mean xmin xmax npc npc_up npc_down
108 100 116 1.02434 0 0.102038
125 116 134 1.01897 0 0.0927523
143 134 152 1.01485 0 0.085185
162 152 172 1.01162 0 0.0788866
183 172 194 1.00894 0 0.0733126
205 194 216 1.00679 0 0.0685731
228 216 240 1.00505 0 0.0644832
252 240 264 1.00361 0 0.0609098
277 264 290 1.00242 0 0.0577542
304 290 318 1.00138 0 0.0548417
332 318 346 1.0005 0 0.0522415
361 346 376 0.999755 0 0.0499015
392 376 408 0.999097 0 0.0477146
425 408 442 0.998516 0 0.0456717
460 442 478 0.998004 0 0.0437629
497 478 516 0.997551 0 0.0419783
536 516 556 0.997151 0 0.0406637
577 556 598 0.996797 0 0.0394579
620 598 642 0.996482 0 0.0383263
665 642 688 0.996203 0 0.0372624
712 688 736 0.995953 0 0.0362602
761 736 786 0.995731 0 0.0353146
812 786 838 0.995532 0 0.0344207
866 838 894 0.99535 0 0.0335589
923 894 952 0.995185 0 0.0327294
982 952 1012 0.995037 0 0.0319445
1044 1012 1076 0.994901 0 0.0311885
1119 1076 1162 0.99476 0 0.0303543
1236 1162 1310 0.99458 0 0.0291974
1420 1310 1530 0.994363 0 0.0276538
1761 1530 1992 0.994096 0 0.0254059
2246 1992 2500 0.993871 0 0.0230516
2818.5 2500 3137 0.993717 0 0.0210086
3537 3137 3937 0.993602 0 0.0190959

