;
; electroweak corrections calculated by Dittmaier, Huss, Speckner 
; for ATLAS inclusive jets jets R=0.4  0<y<0.5
; for the ATLAS bins as in reference JHEP11(2012) 095 arXiv:1210.0438
; no uncertainty is provided
; xmin, xmax, ew-correction
; 
100 116 0.999004
116 134 0.998687
134 152 0.998337
152 172 0.997975
172 194 0.997508
194 216 0.997008
216 240 0.996489
240 264 0.995925
264 290 0.995325
290 318 0.99473
318 346 0.994123
346 376 0.993516
376 408 0.992922
408 442 0.992291
442 478 0.99172
478 516 0.991214
516 556 0.990802
556 598 0.990339
598 642 0.990123
642 688 0.989973
688 736 0.989984
736 786 0.990191
786 838 0.990413
838 894 0.991084
894 952 0.991972
952 1012 0.993019
1012 1076 0.994281
1076 1162 0.99638
1162 1310 0.999824
1310 1530 1.00654
1530 1992 1.02042
1992 2500 1.04817
2500 3937 1.08187


