;
; electroweak corrections calculated by Dittmaier, Huss, Speckner 
; for ATLAS inclusive jets jets R=0.4  1.0<y<1.5
; for the ATLAS bins as in reference JHEP11(2012) 095 arXiv:1210.0438
; no uncertainty is provided
; xmin, xmax, ew-correction
100 116 0.998961
116 134 0.99864
134 152 0.998287
152 172 0.997852
172 194 0.997407
194 216 0.996898
216 240 0.996251
240 264 0.995679
264 290 0.994918
290 318 0.994341
318 346 0.993422
346 376 0.992802
376 408 0.991913
408 442 0.991116
442 478 0.990273
478 516 0.989384
516 556 0.988649
556 598 0.987743
598 642 0.98695
642 688 0.986003
688 736 0.98536
736 786 0.984636
786 838 0.98386
838 894 0.983439
894 952 0.982624
952 1012 0.982163
1012 1076 0.981805
1076 1162 0.981277
1162 1310 0.98074
1310 1530 0.98034
1530 2500 0.98007


