;
; electroweak corrections calculated by Dittmaier, Huss, Speckner 
; for ATLAS dijets jets R=0.4  0<ystar<0.5
; for the ATLAS bins as in reference JHEP11(2012) 095 arXiv:1210.0438
; no uncertainty is provided
; xmin, xmax, ew-correction
; 
260 310 0.999503
310 370 0.999082
370 440 0.998521
440 510 0.997883
510 590 0.997223
590 670 0.996496
670 760 0.99587
760 850 0.995242
850 950 0.99477
950 1060 0.99438
1060 1180 0.994235
1180 1310 0.994312
1310 1450 0.994821
1450 1600 0.995709
1600 1760 0.997048
1760 1940 0.999182
1940 2120 1.00182
2120 2330 1.00539
2330 2550 1.01
2550 2780 1.01538
2780 3040 1.02203
3040 3310 1.02987
3310 3610 1.03854
3610 3930 1.04866
3930 4270 1.05992
4270 4640 1.07211
4640 5040 1.08499
5040 7000 1.09899

