   1.00
  -0.54   1.00
  -0.24  -0.20   1.00
  -0.05  -0.11   0.02   1.00
  -0.01  -0.02  -0.01   0.06   1.00
  -0.13   0.08   0.02   0.01  -0.00   1.00
   0.08  -0.14   0.04   0.01   0.00  -0.54   1.00
   0.03   0.02  -0.13  -0.00   0.00  -0.23  -0.21   1.00
   0.01   0.01  -0.00  -0.13  -0.00  -0.06  -0.10   0.02   1.00
   0.00   0.00   0.00  -0.01  -0.14  -0.01  -0.02  -0.01   0.07   1.00
   0.01  -0.00  -0.00  -0.00  -0.00  -0.10   0.06   0.02   0.00   0.00   1.00
   0.00   0.01  -0.00  -0.00  -0.00   0.06  -0.11   0.03   0.01   0.00  -0.53   1.00
  -0.00   0.00   0.02   0.00  -0.00   0.02   0.02  -0.10   0.01   0.00  -0.22  -0.23   1.00
   0.00  -0.00   0.00   0.02   0.00   0.01   0.01   0.00  -0.12  -0.00  -0.05  -0.12   0.00   1.00
  -0.00  -0.00  -0.00   0.00   0.02   0.00   0.00   0.00  -0.00  -0.11  -0.01  -0.02  -0.02   0.05   1.00
  -0.00   0.00  -0.00  -0.00  -0.00  -0.01   0.01   0.00   0.00  -0.00  -0.08   0.05   0.02   0.00   0.00   1.00
   0.01  -0.00   0.00   0.00   0.00   0.01  -0.01   0.00  -0.00  -0.00   0.05  -0.08   0.02   0.01   0.00  -0.55   1.00
   0.00   0.00   0.00   0.00  -0.00  -0.00   0.00  -0.00   0.00  -0.00   0.02   0.01  -0.08   0.01   0.00  -0.24  -0.22   1.00
  -0.00   0.00  -0.00   0.00   0.00  -0.00  -0.00   0.00  -0.00  -0.00   0.01   0.01  -0.00  -0.08  -0.00  -0.06  -0.11  -0.01   1.00
   0.00   0.00   0.00   0.00   0.00   0.00   0.00   0.00   0.00   0.00   0.00   0.00   0.00  -0.00  -0.08  -0.01  -0.02  -0.02   0.05   1.00
  -0.00   0.00  -0.00  -0.00  -0.00  -0.01   0.01   0.00   0.00   0.00  -0.01   0.01   0.00   0.00   0.00  -0.04   0.02   0.01   0.00   0.00   1.00
   0.00  -0.00   0.00   0.00  -0.00   0.01  -0.01   0.00   0.00   0.00   0.01  -0.01   0.00   0.00   0.00   0.02  -0.04   0.01   0.00   0.00  -0.56   1.00
  -0.00   0.00   0.00   0.00  -0.00   0.00   0.00  -0.01   0.00  -0.00   0.00   0.00  -0.00   0.00  -0.00   0.01   0.01  -0.04   0.01   0.00  -0.27  -0.24   1.00
   0.00   0.00  -0.00   0.01   0.00   0.00   0.00   0.00  -0.01   0.00   0.00   0.00   0.00  -0.01   0.00   0.00   0.00   0.00  -0.04   0.00  -0.06  -0.12   0.01   1.00
  -0.00   0.00  -0.00  -0.00   0.01   0.00   0.00  -0.00   0.00  -0.01   0.00   0.00   0.00   0.00  -0.00   0.00   0.00   0.00  -0.00  -0.05  -0.01  -0.02  -0.02   0.03   1.00
  -0.00  -0.00  -0.00  -0.00  -0.00  -0.00   0.00   0.00   0.00  -0.00  -0.00   0.00   0.00   0.00   0.00  -0.00   0.00   0.00   0.00  -0.00  -0.01   0.01   0.00   0.00  -0.00   1.00
   0.00   0.00   0.00   0.00   0.00   0.00  -0.00   0.00   0.00   0.00   0.00  -0.00   0.00   0.00  -0.00   0.00  -0.00   0.00   0.00   0.00   0.01  -0.01   0.00   0.00   0.00  -0.58   1.00
  -0.00   0.00   0.00   0.00   0.00   0.00   0.00  -0.00   0.00   0.00   0.00   0.00  -0.00   0.00  -0.00   0.00   0.00  -0.00   0.00  -0.00   0.00   0.00  -0.01   0.00   0.00  -0.35  -0.21   1.00
  -0.00  -0.00  -0.00   0.00   0.00   0.00   0.00   0.00  -0.00   0.00   0.00   0.00   0.00  -0.00   0.00   0.00   0.00   0.00  -0.00   0.00   0.00   0.00  -0.00  -0.01   0.00  -0.09  -0.15  -0.01   1.00
  -0.00  -0.00  -0.00  -0.00   0.01  -0.00  -0.00   0.00  -0.00   0.00   0.00  -0.00   0.00  -0.00  -0.00  -0.00   0.00  -0.00  -0.00  -0.00   0.00   0.00  -0.00  -0.00  -0.02   0.00  -0.03  -0.00  -0.02   1.00
  -0.03   0.35  -0.06  -0.01   0.00   0.00  -0.05   0.01  -0.00  -0.00  -0.00   0.01  -0.00  -0.00   0.00  -0.00   0.00   0.00  -0.00   0.00  -0.00   0.01  -0.00  -0.00  -0.00  -0.00   0.00   0.00  -0.00   0.00   1.00
  -0.01   0.01   0.25  -0.03   0.01  -0.01   0.00  -0.04   0.00   0.00  -0.00   0.00   0.01  -0.00  -0.00  -0.00   0.00   0.00  -0.00  -0.00  -0.00   0.00   0.00  -0.00  -0.00  -0.00   0.00   0.00  -0.00  -0.00  -0.44   1.00
   0.00  -0.02  -0.01   0.48  -0.06   0.00   0.00   0.00  -0.07   0.01   0.00  -0.00   0.00   0.01  -0.00   0.00  -0.00   0.00   0.00   0.00  -0.00  -0.00   0.00   0.01  -0.00  -0.00  -0.00   0.00   0.00   0.00   0.11  -0.36   1.00
   0.00  -0.00  -0.01   0.01   0.71  -0.00   0.00   0.00   0.00  -0.11  -0.00  -0.00  -0.00   0.00   0.02  -0.00  -0.00  -0.00   0.00   0.00  -0.00  -0.00  -0.00   0.00   0.01  -0.00  -0.00   0.00   0.00   0.00   0.03  -0.09   0.06   1.00
   0.00  -0.05   0.01   0.00  -0.00  -0.02   0.34  -0.07  -0.01   0.00   0.01  -0.05   0.01  -0.00  -0.00   0.00  -0.01   0.00  -0.00   0.00   0.00  -0.01   0.00  -0.00  -0.00  -0.00  -0.00   0.00  -0.00  -0.00  -0.03   0.07  -0.01  -0.00   1.00
  -0.00   0.00  -0.03   0.00   0.00  -0.01   0.00   0.27  -0.03  -0.01  -0.00   0.01  -0.03   0.01   0.00  -0.00   0.01  -0.00   0.00  -0.00  -0.00   0.00  -0.01   0.00   0.00   0.00   0.00  -0.00  -0.00   0.00   0.06  -0.13   0.04   0.01  -0.44   1.00
   0.00  -0.00   0.00  -0.06   0.00  -0.00  -0.01  -0.01   0.49  -0.01   0.00   0.00   0.00  -0.07   0.00   0.00  -0.00   0.00  -0.00   0.00   0.00  -0.00   0.00  -0.01   0.00   0.00  -0.00   0.00  -0.00  -0.00  -0.02   0.05  -0.14   0.00   0.10  -0.34   1.00
   0.00   0.00   0.00  -0.00  -0.10   0.00  -0.00   0.00  -0.02   0.69  -0.00  -0.00   0.00   0.00  -0.08   0.00  -0.00   0.00  -0.00  -0.01   0.00   0.00  -0.00   0.00  -0.01  -0.00   0.00   0.00   0.00   0.00  -0.00   0.01  -0.00  -0.14   0.02  -0.08   0.02   1.00
  -0.00   0.01  -0.00  -0.00   0.00   0.01  -0.04   0.01  -0.00  -0.00  -0.03   0.35  -0.06  -0.01   0.00   0.01  -0.03   0.01  -0.00  -0.00   0.00  -0.00   0.00  -0.00   0.00  -0.00  -0.00   0.00  -0.00  -0.00   0.11  -0.01   0.00   0.00  -0.04   0.07  -0.01  -0.00   1.00
  -0.00   0.00   0.01  -0.00   0.00  -0.00   0.00  -0.03   0.01   0.00  -0.01   0.01   0.25  -0.05  -0.01  -0.00   0.01  -0.02   0.00   0.00  -0.00   0.00  -0.00   0.00  -0.00   0.00   0.00  -0.00   0.00   0.00  -0.01   0.02  -0.01  -0.00   0.06  -0.11   0.04   0.01  -0.47   1.00
   0.00  -0.00   0.00   0.01   0.00   0.00  -0.00   0.00  -0.06   0.01   0.01  -0.01  -0.00   0.51  -0.03   0.00  -0.00   0.00  -0.04   0.00   0.00  -0.00   0.01  -0.01   0.01   0.00  -0.00   0.00  -0.00   0.00   0.00  -0.01   0.02   0.00  -0.01   0.04  -0.12   0.01   0.11  -0.34   1.00
  -0.00  -0.00  -0.00   0.00   0.01  -0.00  -0.00   0.00   0.00  -0.07   0.01  -0.00  -0.02  -0.01   0.66  -0.00  -0.00   0.00  -0.00  -0.06   0.00   0.00   0.00   0.00  -0.01  -0.00   0.00   0.00   0.00  -0.00   0.00  -0.00   0.00   0.02  -0.00   0.01  -0.00  -0.11   0.03  -0.10   0.02   1.00
  -0.00   0.00  -0.00  -0.00   0.00   0.00  -0.01   0.00  -0.00  -0.00   0.01  -0.03   0.00  -0.00  -0.00  -0.04   0.35  -0.06  -0.01   0.01   0.00  -0.02   0.00  -0.00  -0.00  -0.00  -0.00   0.00  -0.00   0.00   0.09   0.00  -0.00   0.00   0.04   0.01  -0.00   0.00  -0.03   0.05  -0.01  -0.00   1.00
  -0.00   0.00   0.00  -0.00  -0.00  -0.00   0.00  -0.00   0.00   0.00  -0.00   0.00  -0.02   0.00   0.00  -0.01   0.00   0.25  -0.02  -0.01  -0.00   0.00  -0.02   0.00   0.00   0.00   0.00  -0.00   0.00   0.00  -0.00   0.01  -0.00  -0.00   0.01  -0.01   0.00   0.00   0.05  -0.08   0.03   0.01  -0.45   1.00
  -0.00  -0.00   0.00   0.00   0.00   0.00  -0.00   0.00  -0.00  -0.00   0.00  -0.00   0.00  -0.05   0.00   0.01  -0.01  -0.01   0.48  -0.01   0.00  -0.00   0.01  -0.03   0.00   0.00   0.00   0.00  -0.00   0.00   0.00  -0.00   0.01   0.00  -0.00  -0.00  -0.00   0.00  -0.01   0.03  -0.08  -0.00   0.11  -0.36   1.00
   0.00   0.00   0.00   0.00   0.00   0.00  -0.00  -0.00   0.00  -0.00  -0.00  -0.00   0.00   0.00  -0.06   0.00  -0.00  -0.01  -0.03   0.70   0.00   0.00  -0.00   0.01  -0.04  -0.00   0.00   0.00   0.00  -0.00   0.00  -0.00   0.00   0.00   0.00   0.00  -0.00  -0.00  -0.00   0.01   0.00  -0.09   0.03  -0.11   0.04   1.00
  -0.00   0.00  -0.00   0.00  -0.00   0.00  -0.01   0.00  -0.00   0.00   0.00  -0.00  -0.00  -0.00   0.00   0.01  -0.02   0.00  -0.00   0.00  -0.03   0.32  -0.07  -0.01   0.00   0.00  -0.00   0.00  -0.00  -0.00   0.08   0.00   0.00  -0.00   0.04   0.02  -0.00   0.00   0.04   0.01  -0.00  -0.00  -0.01   0.03  -0.00  -0.00   1.00
  -0.00   0.00   0.00  -0.00  -0.00  -0.00   0.00  -0.01   0.00  -0.00  -0.00   0.00  -0.01   0.00  -0.00  -0.00   0.00  -0.02   0.00  -0.00  -0.01   0.01   0.24  -0.04  -0.00   0.00   0.00  -0.00   0.00   0.00   0.00   0.01  -0.00   0.00   0.01  -0.01   0.00   0.00   0.01  -0.00   0.00   0.00   0.03  -0.04   0.02   0.00  -0.46   1.00
   0.00  -0.00   0.00   0.00   0.00   0.00  -0.00   0.00  -0.01   0.00   0.00  -0.00   0.00  -0.01   0.00   0.00   0.00   0.00  -0.03   0.01  -0.00  -0.01  -0.01   0.50  -0.08   0.00  -0.00   0.00  -0.01   0.00  -0.00  -0.00   0.01   0.00  -0.00   0.00  -0.01   0.01   0.00   0.00  -0.01   0.00  -0.00   0.02  -0.05   0.01   0.10  -0.35   1.00
   0.00  -0.00  -0.00  -0.00   0.00   0.00  -0.00  -0.00   0.00  -0.01  -0.00   0.00   0.00   0.00  -0.01   0.00  -0.00   0.00   0.00  -0.04   0.00  -0.00  -0.00  -0.02   0.73  -0.00   0.00   0.00   0.00  -0.01   0.00  -0.00   0.00   0.01  -0.00   0.00   0.00  -0.02   0.00  -0.00   0.01  -0.01  -0.00   0.01   0.00  -0.06   0.02  -0.08  -0.03   1.00
  -0.00   0.00  -0.00  -0.00  -0.00   0.00  -0.00   0.00  -0.00   0.00   0.00  -0.00  -0.00  -0.00   0.00   0.00  -0.00  -0.00  -0.00   0.00   0.00  -0.00  -0.00  -0.00  -0.00  -0.07   0.30  -0.08  -0.03  -0.00   0.02   0.00  -0.00   0.00   0.01   0.00   0.00  -0.00   0.01   0.00  -0.00   0.00   0.01   0.00  -0.00  -0.00   0.01   0.01  -0.00   0.00   1.00
  -0.00   0.00   0.00  -0.00   0.00  -0.00   0.00  -0.00   0.00  -0.00  -0.00   0.00  -0.00   0.00  -0.00  -0.00   0.00  -0.00   0.00  -0.00   0.00   0.00  -0.00   0.00   0.00  -0.01   0.02   0.21  -0.03  -0.02   0.00   0.00   0.00   0.00   0.00  -0.00  -0.00   0.01   0.00  -0.00   0.00  -0.00   0.00  -0.00   0.00   0.00   0.01  -0.01   0.01   0.00  -0.41   1.00
   0.00  -0.00  -0.00   0.00  -0.00   0.00  -0.00   0.00  -0.00   0.00   0.00  -0.00   0.00  -0.01   0.00   0.00  -0.00   0.00  -0.00   0.00   0.00   0.00   0.00  -0.01   0.00  -0.00  -0.02  -0.00   0.44  -0.02  -0.00  -0.00   0.01  -0.00  -0.00   0.00  -0.01   0.01  -0.00   0.00  -0.01   0.00  -0.00   0.00  -0.00   0.01  -0.00   0.00  -0.01   0.01   0.07  -0.36   1.00
  -0.00  -0.00  -0.00   0.00   0.00  -0.00   0.00   0.00   0.00  -0.00   0.00   0.00  -0.00  -0.00  -0.00   0.00  -0.00  -0.00   0.00   0.01   0.00   0.00   0.00   0.00  -0.02   0.03  -0.01  -0.02  -0.07   0.66  -0.00  -0.00   0.00   0.01   0.00  -0.00   0.00  -0.00  -0.00  -0.00   0.00   0.00  -0.00  -0.00   0.00   0.01   0.00   0.00  -0.01   0.02   0.02  -0.09  -0.13   1.00
   0.04   0.11   0.10  -0.06   0.02   0.00  -0.02  -0.03   0.01  -0.00   0.01  -0.00  -0.02   0.00   0.00   0.01  -0.01  -0.01   0.00  -0.00   0.01  -0.01  -0.01   0.00  -0.00   0.00  -0.00  -0.01   0.00   0.00   0.13   0.05  -0.04   0.02  -0.02  -0.02   0.01  -0.00   0.00  -0.01   0.01   0.00  -0.00  -0.01   0.00   0.00  -0.00  -0.01   0.01  -0.00   0.00  -0.00   0.00  -0.00   1.00
   0.01   0.02   0.12   0.18  -0.04  -0.00   0.00  -0.02  -0.03   0.01   0.00   0.00   0.00  -0.01   0.00   0.00   0.00  -0.00  -0.01   0.00   0.00   0.00  -0.00  -0.01   0.00   0.00  -0.00   0.00  -0.00   0.00  -0.07   0.16   0.12  -0.05   0.01  -0.02  -0.03   0.01  -0.00   0.00  -0.01  -0.00   0.00  -0.00  -0.01   0.00   0.00   0.00  -0.01   0.00  -0.00   0.00  -0.01   0.00  -0.37   1.00
   0.00   0.01   0.01   0.12   0.18  -0.00  -0.00   0.00  -0.02  -0.05   0.00   0.00   0.00  -0.00  -0.01   0.00  -0.00   0.00  -0.00  -0.01   0.00  -0.00   0.00  -0.01  -0.01   0.00   0.00  -0.00  -0.00  -0.00   0.02  -0.05   0.21   0.15  -0.00   0.01  -0.03  -0.03   0.00  -0.00   0.00  -0.00  -0.00   0.00  -0.01  -0.01   0.00  -0.00  -0.01  -0.01   0.00  -0.00   0.00   0.00   0.09  -0.26   1.00
   0.00  -0.02  -0.03   0.01  -0.00   0.05   0.10   0.10  -0.06   0.02   0.00  -0.02  -0.02   0.01  -0.00   0.01  -0.00  -0.01   0.00   0.00   0.01  -0.00  -0.01   0.00  -0.00   0.00  -0.00  -0.00   0.00   0.00  -0.02  -0.02   0.01  -0.00   0.13   0.05  -0.03   0.01  -0.01  -0.01   0.01  -0.00   0.00  -0.00   0.00   0.00   0.00  -0.00   0.01  -0.00   0.00  -0.00   0.00  -0.00   0.01   0.01  -0.00   1.00
  -0.00   0.00  -0.02  -0.04   0.02   0.02   0.01   0.13   0.16  -0.07  -0.00  -0.00  -0.02  -0.03   0.01   0.00   0.00  -0.00  -0.01  -0.00   0.00   0.00  -0.00  -0.01   0.00   0.00  -0.00   0.00  -0.00   0.00   0.01  -0.03  -0.03   0.01  -0.07   0.17   0.08  -0.04   0.00  -0.02  -0.02   0.01  -0.00  -0.00  -0.01  -0.00  -0.00   0.00  -0.01   0.00  -0.00   0.00  -0.00   0.00   0.02  -0.08   0.02  -0.35   1.00
   0.00  -0.00   0.00  -0.02  -0.06   0.01   0.01  -0.01   0.16   0.22  -0.00  -0.00  -0.00  -0.02  -0.03   0.00  -0.00   0.00  -0.00  -0.00   0.00  -0.00   0.00  -0.00  -0.01   0.00   0.00  -0.00  -0.00  -0.00  -0.00   0.01  -0.03  -0.04   0.02  -0.05   0.22   0.13  -0.00   0.01  -0.03  -0.02   0.00   0.00  -0.00  -0.00   0.00   0.00  -0.00  -0.00   0.00  -0.00   0.00   0.00  -0.00   0.02  -0.11   0.08  -0.24   1.00
   0.01  -0.00  -0.01   0.00  -0.00   0.00  -0.02  -0.01   0.01  -0.00   0.05   0.12   0.07  -0.07   0.02   0.00  -0.01  -0.01   0.01  -0.00   0.01  -0.00  -0.01   0.00  -0.00   0.00  -0.00  -0.00   0.00   0.00  -0.00  -0.01   0.01   0.00  -0.01  -0.01   0.01  -0.00   0.14   0.03  -0.04   0.03  -0.01  -0.01   0.01  -0.00   0.00  -0.00   0.01  -0.00   0.00  -0.00   0.00  -0.00   0.14  -0.03   0.01   0.02   0.01  -0.00   1.00
   0.00   0.00   0.00  -0.01   0.01  -0.00   0.00  -0.01  -0.03   0.01   0.03   0.01   0.12   0.15  -0.07  -0.00   0.00  -0.01  -0.02   0.01   0.00   0.00  -0.00  -0.01   0.00   0.00  -0.00   0.00  -0.00   0.00  -0.00   0.00  -0.01   0.00   0.01  -0.02  -0.02   0.01  -0.07   0.17   0.12  -0.08   0.00  -0.01  -0.02   0.01  -0.00   0.00  -0.01   0.00  -0.00   0.00  -0.01   0.00  -0.04   0.07  -0.02   0.01  -0.05   0.02  -0.37   1.00
   0.00  -0.00   0.00   0.00  -0.02  -0.00  -0.00  -0.00  -0.02  -0.02   0.01   0.02  -0.00   0.12   0.23  -0.00  -0.00   0.00  -0.01  -0.03   0.00   0.00   0.00  -0.00  -0.01   0.00   0.00  -0.00   0.00  -0.00   0.00  -0.00   0.00  -0.02  -0.00   0.01  -0.03  -0.02   0.03  -0.07   0.23   0.20  -0.00   0.01  -0.02  -0.02   0.00   0.00  -0.00  -0.00   0.00  -0.00   0.00   0.00   0.01  -0.02   0.05  -0.00   0.02  -0.08   0.10  -0.29   1.00
   0.01  -0.01  -0.01   0.00  -0.00   0.00  -0.00  -0.00   0.00   0.00   0.00  -0.01  -0.01   0.01  -0.00   0.07   0.08   0.08  -0.06   0.02   0.00  -0.01  -0.01   0.01  -0.00   0.00  -0.00  -0.00   0.00   0.00  -0.00  -0.01   0.01   0.00   0.00  -0.00   0.00  -0.00  -0.01  -0.01   0.01  -0.00   0.12   0.04  -0.04   0.02  -0.00  -0.00   0.01  -0.00   0.00  -0.00   0.00  -0.00   0.12  -0.03   0.01   0.11  -0.03   0.00   0.03   0.00  -0.00   1.00
  -0.00   0.00  -0.00  -0.01   0.01   0.00   0.00  -0.00  -0.01   0.00  -0.00   0.00  -0.01  -0.03   0.01   0.03   0.03   0.11   0.16  -0.07   0.00  -0.00  -0.01  -0.02   0.01   0.00  -0.00   0.00  -0.00   0.00   0.00  -0.00  -0.01   0.00  -0.00  -0.00  -0.01   0.00   0.01  -0.01  -0.02   0.01  -0.06   0.17   0.09  -0.07   0.00  -0.01  -0.02   0.01   0.00   0.00  -0.00   0.00  -0.03   0.05  -0.01  -0.03   0.06  -0.01   0.01  -0.02   0.01  -0.35   1.00
   0.00  -0.00   0.00   0.00  -0.02   0.00  -0.00   0.00   0.00  -0.01   0.00  -0.00   0.00  -0.01  -0.03   0.00   0.02   0.01   0.15   0.23   0.00  -0.00   0.00  -0.01  -0.03   0.00   0.00  -0.00  -0.00  -0.00   0.00   0.00  -0.00  -0.02   0.00  -0.00  -0.00  -0.01  -0.00   0.01  -0.02  -0.02   0.03  -0.07   0.29   0.18   0.00   0.00  -0.01  -0.02   0.00  -0.00  -0.00   0.00   0.01  -0.01   0.03   0.01  -0.01   0.03  -0.00   0.01  -0.05   0.09  -0.27   1.00
   0.01  -0.01  -0.02   0.00  -0.00   0.00  -0.01  -0.01   0.00  -0.00   0.00  -0.00  -0.01   0.00  -0.00   0.00  -0.01  -0.01   0.00  -0.00   0.05   0.09   0.08  -0.05   0.02   0.00  -0.00  -0.00   0.00  -0.00  -0.00  -0.01   0.01   0.00   0.00  -0.00   0.00  -0.00   0.00  -0.00   0.00   0.00  -0.00  -0.00   0.01  -0.00   0.13   0.04  -0.04   0.02   0.00  -0.00   0.00  -0.00   0.12  -0.03   0.00   0.10  -0.02   0.00   0.10  -0.02   0.00   0.05  -0.01   0.00   1.00
  -0.00   0.00  -0.00  -0.02   0.00   0.00   0.00  -0.00  -0.01   0.00   0.00   0.00  -0.00  -0.01   0.00  -0.00   0.00  -0.01  -0.02   0.00   0.04   0.03   0.10   0.14  -0.06   0.00  -0.00  -0.00  -0.00   0.00   0.00  -0.00  -0.02   0.00  -0.00  -0.00  -0.01   0.00  -0.00   0.00  -0.01  -0.00   0.00  -0.01  -0.01   0.00  -0.06   0.16   0.11  -0.05   0.00  -0.00  -0.01   0.00  -0.03   0.06  -0.01  -0.02   0.06  -0.01  -0.03   0.07  -0.01  -0.01   0.03  -0.00  -0.35   1.00
   0.00   0.00   0.00  -0.00  -0.02   0.00   0.00   0.00  -0.00  -0.03   0.00   0.00   0.00  -0.00  -0.02  -0.00   0.00   0.00  -0.01  -0.04   0.01  -0.00   0.02   0.13   0.13   0.00   0.00  -0.00  -0.00  -0.01  -0.00   0.00  -0.00  -0.02   0.00   0.00  -0.00  -0.03   0.00   0.00  -0.00  -0.01  -0.00   0.00  -0.01  -0.04   0.02  -0.05   0.18   0.11  -0.00   0.00  -0.01  -0.01   0.01  -0.01   0.03   0.00  -0.01   0.03   0.01  -0.01   0.03   0.00  -0.00   0.01   0.09  -0.28   1.00
   0.00  -0.00  -0.00   0.00  -0.00   0.00  -0.00  -0.00   0.00   0.00   0.00  -0.00  -0.00   0.00   0.00   0.00  -0.00  -0.00   0.00   0.00   0.00  -0.00  -0.00   0.00  -0.00   0.07   0.08   0.08  -0.09   0.02  -0.00  -0.00   0.00  -0.00   0.00  -0.00   0.00   0.00   0.00  -0.00   0.00   0.00   0.00   0.00   0.00   0.00  -0.00  -0.00   0.00   0.00   0.10   0.04  -0.03   0.01   0.03  -0.01   0.00   0.03  -0.01   0.00   0.03  -0.01   0.00   0.03  -0.01   0.00   0.02  -0.00   0.00   1.00
   0.00   0.00  -0.00  -0.00   0.00   0.00   0.00  -0.00  -0.00   0.00   0.00   0.00  -0.00  -0.00   0.00   0.00   0.00  -0.00  -0.00  -0.00   0.00   0.00  -0.00  -0.01   0.00   0.04   0.03   0.07   0.14  -0.08  -0.00   0.00  -0.00   0.00   0.00  -0.00  -0.00   0.00   0.00   0.00  -0.00  -0.00   0.00  -0.00  -0.00  -0.00   0.00  -0.00  -0.00   0.00  -0.10   0.22   0.04  -0.05  -0.01   0.02  -0.00  -0.01   0.02  -0.00  -0.01   0.02  -0.00  -0.01   0.02  -0.00  -0.00   0.02  -0.00  -0.41   1.00
  -0.00   0.00  -0.00  -0.00   0.02   0.00  -0.00  -0.00   0.00  -0.02   0.00   0.00   0.00   0.00  -0.02  -0.00   0.00  -0.00   0.01  -0.03   0.00  -0.00   0.00   0.00  -0.05   0.05  -0.01   0.01   0.14   0.18   0.00   0.00  -0.00   0.02   0.00   0.00  -0.00  -0.03   0.00  -0.00   0.00  -0.01   0.00  -0.00   0.01  -0.04  -0.00   0.00   0.00  -0.06   0.01  -0.07   0.22   0.15  -0.00   0.01  -0.04  -0.00   0.01  -0.02  -0.00   0.01  -0.03   0.00  -0.00   0.03   0.01  -0.01   0.09   0.07  -0.25   1.00
