;
; electroweak corrections calculated by Dittmaier, Huss, Speckner 
; for ATLAS inclusive jets jets R=0.4  0.5<y<1.0
; for the ATLAS bins as in reference JHEP11(2012) 095 arXiv:1210.0438
; no uncertainty is provided
; xmin, xmax, ew-correction
; 
100 116 0.998976
116 134 0.998685
134 152 0.99836
152 172 0.99796
172 194 0.99749
194 216 0.996928
216 240 0.996389
240 264 0.995854
264 290 0.995212
290 318 0.99458
318 346 0.993946
346 376 0.993281
376 408 0.992591
408 442 0.992005
442 478 0.991327
478 516 0.990725
516 556 0.99007
556 598 0.989532
598 642 0.989111
642 688 0.988732
688 736 0.988449
736 786 0.98831
786 838 0.988378
838 894 0.988304
894 952 0.988659
952 1012 0.989118
1012 1076 0.989722
1076 1162 0.990733
1162 1310 0.992475
1310 1530 0.995822
1530 1992 1.0029
1992 3937 1.01651



