;
; electroweak corrections calculated by Dittmaier, Huss, Speckner 
; for ATLAS dijets jets R=0.4  0.5<ystar<1.0
; for the ATLAS bins as in reference JHEP11(2012) 095 arXiv:1210.0438
; no uncertainty is provided
; xmin, xmax, ew-correction
; 
310 370 0.998674
370 440 0.998174
440 510 0.997606
510 590 0.996951
590 670 0.996208
670 760 0.995471
760 850 0.994703
850 950 0.99388
950 1060 0.99304
1060 1180 0.992228
1180 1310 0.991468
1310 1450 0.990696
1450 1600 0.99006
1600 1760 0.989554
1760 1940 0.989218
1940 2120 0.989094
2120 2330 0.989117
2330 2550 0.989359
2550 2780 0.989993
2780 3040 0.990821
3040 3310 0.991947
3310 3610 0.993061
3610 3930 0.994662
3930 4270 0.996005
4270 4640 0.997901
4640 5040 0.999405
5040 5470 1.0009
5470 7630 1.00263

