;
; electroweak corrections calculated by Dittmaier, Huss, Speckner 
; for ATLAS inclusive jets jets R=0.4  1.5<y<2.0
; for the ATLAS bins as in reference JHEP11(2012) 095 arXiv:1210.0438
; no uncertainty is provided
; xmin, xmax, ew-correction
100 116 0.998935
116 134 0.998736
134 152 0.998199
152 172 0.997812
172 194 0.997306
194 216 0.996574
216 240 0.99597
240 264 0.995197
264 290 0.994339
290 318 0.993557
318 346 0.992669
346 376 0.991673
376 408 0.990763
408 442 0.989669
442 478 0.988634
478 516 0.987396
516 556 0.986225
556 598 0.984961
598 642 0.983734
642 688 0.982394
688 736 0.981076
736 786 0.980008
786 838 0.978564
838 894 0.977167
894 952 0.97598
952 1012 0.974609
1012 1076 0.973194
1076 1162 0.971733
1162 1310 0.969549
1310 1530 0.966143
1530 1992 0.961221

