;
; Non-perturbative corrections for the
; ATLAS inclusive jet cross sections at sqrts= 13 TeV R=0.4 rapidity bin 1.0<|Y|<1.5
; default based on the  Pythia8AU2CT10_PYHW tune
; Uncertainty based on pythia8 tunes: 4C MONASH ATLASA14NNPDF ATLASA14MRSTWLO ATLASA14CTEQL1 
; and Herwigpp: default, UEEE5CTEQ6L1_EIGEN UEEE5MRSTSTAR_EIGEN CTEQEE4_EIGEN 
;
; mean: middle of pt bin
; xmin and xmax: minimum and maximum of bin
: npc: Non-perturbative correction
; npc_up and npc_down: uncertainties calculated with different times
; Uncertainties are given in absolute values
;
; mean xmin xmax npc npc_up npc_down
; 
108 100 116 1.02428 0 0.0983368
125 116 134 1.01906 0 0.0893669
143 134 152 1.01508 0 0.0820765
162 152 172 1.01197 0 0.076022
183 172 194 1.00938 0 0.0706737
205 194 216 1.00733 0 0.0661334
228 216 240 1.00566 0 0.0622205
252 240 264 1.00429 0 0.0588054
277 264 290 1.00316 0 0.0557923
304 290 318 1.00217 0 0.0530133
332 318 346 1.00135 0 0.0505338
361 346 376 1.00064 8.83096e-05 0.0483036
392 376 408 1.00002 0.000314982 0.04622
425 408 442 0.999479 0.000519325 0.0442743
460 442 478 0.998999 0.000703315 0.0424568
497 478 516 0.998577 0.0008689 0.0407578
536 516 556 0.998204 0.00101794 0.0392199
577 556 598 0.997874 0.00115215 0.0380488
620 598 642 0.997582 0.00127311 0.0369498
665 642 688 0.997323 0.00138226 0.0359164
712 688 736 0.997093 0.00148088 0.0349431
761 736 786 0.996887 0.00157011 0.0340247
812 786 838 0.996704 0.00165097 0.0331564
866 838 894 0.996537 0.00172566 0.0323194
923 894 952 0.996385 0.00179449 0.0315138
982 952 1012 0.996249 0.00185684 0.0307514
1044 1012 1076 0.996125 0.00191432 0.0300171
1119 1076 1162 0.995997 0.00197481 0.0292069
1236 1162 1310 0.995832 0.0020536 0.0280833
1420 1310 1530 0.995635 0.0021496 0.0265843
1761 1530 1992 0.995394 0.00227117 0.0244017
2246 1992 2500 0.995192 0.00237647 0.0221167

