;
; electroweak corrections calculated by Dittmaier, Huss, Speckner 
; for ATLAS dijets jets R=0.4  2.0<ystar<2.5
; for the ATLAS bins as in reference JHEP11(2012) 095 arXiv:1210.0438
; no uncertainty is provided
; xmin, xmax, ew-correction
; 
760 850 0.998403
850 950 0.99819
950 1060 0.997984
1060 1180 0.997697
1180 1310 0.997404
1310 1450 0.997062
1450 1600 0.996687
1600 1760 0.996302
1760 1940 0.995793
1940 2120 0.995322
2120 2330 0.994729
2330 2550 0.994083
2550 2780 0.993375
2780 3040 0.992558
3040 3310 0.991633
3310 3610 0.990599
3610 3930 0.989364
3930 4270 0.987927
4270 4640 0.98619
4640 5040 0.98428
5040 5470 0.982156
5470 5940 0.979591
5940 6440 0.976289
6440 7630 0.970000

