;
; electroweak corrections calculated by Dittmaier, Huss, Speckner 
; for ATLAS dijets jets R=0.4  1.5<ystar<2.0
; for the ATLAS bins as in reference JHEP11(2012) 095 arXiv:1210.0438
; no uncertainty is provided
; xmin, xmax, ew-correction
; 
440 510 0.998413
510 590 0.998051
590 670 0.997632
670 760 0.997167
760 850 0.996653
850 950 0.996104
950 1060 0.995488
1060 1180 0.99482
1180 1310 0.99408
1310 1450 0.993315
1450 1600 0.992516
1600 1760 0.991689
1760 1940 0.99085
1940 2120 0.990006
2120 2330 0.989141
2330 2550 0.988212
2550 2780 0.987379
2780 3040 0.986357
3040 3310 0.98541
3310 3610 0.984313
3610 3930 0.983118
3930 4270 0.981737
4270 4640 0.980268
4640 5040 0.978331
5040 5470 0.976474
5470 5940 0.973951
5940 8317 0.970876

